# Dolby Vision Display Management Configuration File
# Date : 12/15/2023
# Brand Model Number: Xiaomi_M11A_mondrian_23013RK75C

[Global]
DMSwVersion = 4.0
Tmax = 1000
Tmin = 0.0001
TPrimaries = 0.685 0.314 0.235 0.718 0.139 0.048 0.3127 0.329

TEOTF = POWER
Tgamma = 2.35

DBrightness = 0.3
Ambient = 10

RGB2YCCmat=0.2249515012 0.5805731287 0.0507803555 -0.1222960562 -0.3156316076 0.4379276637 0.4379276637 -0.4027047292 -0.0352229345
RGB2YCCOffsetNorm=0.0625 0.5 0.5

BLUPwm = 10 64 128 192 255
BLULight = 1000 1000 1000 1000 1000
BLULightMin = 0.0001 0.0001 0.0001 0.0001 0.0001

[PictureMode = 0]
PictureModeName = Dolby Vision Standard
DBrightness = 0.3
Ambient = 10

[PictureMode = 1]
PictureModeName = Dolby Vision Bright
DBrightness = 0.3
Ambient = 10

[PictureMode = 2]
PictureModeName = Dolby Vision Vivid
DBrightness = 0.3
Ambient = 10

[PictureMode = 3]
PictureModeName = Dolby Vision Cinema
DBrightness = 0.3
Ambient = 10
